   1.0496545638252741e+00  -2.4282306339400525e-02  -6.8727294037487507e-02   4.0682331000058213e-02  -5.9836850745362997e-02  -8.3105309016611006e-02  -4.6949440852451722e-02   4.2557088458184678e-02   3.2158875841757001e-02  -8.7940671242834043e-02   1.1217650985521133e-02  -3.3353045282912448e-02  -3.8836262767696181e-02  -8.0314014796318181e-02  -4.8633446938613642e-02  -9.0870237269190898e-02  -8.2885219762772883e-02   4.3189322656273704e-02  -9.7630731441634866e-02  -2.7724853581573859e-02  -3.6642948543971481e-02   5.3206772918051017e-02  -3.4455930845799482e-02  -3.7988157252742960e-02  -9.1144004233404338e-02  -8.0601894024340218e-02   5.5290390870900152e-02   3.8285023169365190e-02   4.2037540156917567e-02   4.6556695183774012e-02   3.2702936021983056e-02  -8.1121097807956524e-02  -8.1223983901653779e-02  -8.9540518385428786e-02  -9.8418264790271534e-02  -5.7092622604691341e-02  -6.0221912359366594e-02  -5.7701567966407102e-02   4.3245305182388567e-02  -5.3611030210385116e-02  -8.5383300838019816e-02   4.3131719116333123e-02  -5.5219781983979380e-02  -9.3154346350383430e-02  -8.8262469291186335e-02   4.8823629952076515e-02   6.8400072205549417e-02  -7.5801699580334544e-02  -6.2401480160139994e-02   3.6736318378515431e-02   5.2931203067232542e-02  -4.3096378298227392e-02  -8.7590985196966814e-02  -9.1636724284462984e-02   3.9669226446525707e-02  -8.4123886022886910e-02  -5.1153265600881223e-02   6.4891551008537163e-02  -5.0345276273121367e-02  -9.1084807932500234e-02  -2.7059813057887634e-02  -3.2264337010736215e-02  -3.8077887138926361e-02  -2.5287713180928390e-02  -2.6652487663954380e-02  -2.1936855449797534e-02  -2.2186448209161581e-02  -1.7282626817935604e-02  -2.0455684138272836e-02  -2.7333052352466119e-02  -2.3568312573897597e-02  -1.9486661253926570e-02  -2.6333279907351997e-02  -3.2822780180145443e-02  -3.0227584018758004e-02  -2.3059745175756968e-02  -2.9657826171334136e-02  -1.8277919598648655e-02  -2.0145929153666999e-02  -1.6594655594266108e-02   5.5644519207589178e-02   6.5063035799928892e-02   6.7309409690840608e-02   5.9221845209372355e-02   6.6672774939125740e-02   6.7841323984997814e-02   7.6072934789732038e-02   6.2104906910498657e-02   7.4117495900167016e-02   6.8084030694891121e-02   7.0684300530052521e-02   7.0693550585037290e-02   6.1477270318814517e-02   6.4234726609402451e-02   5.7320141866028067e-02   6.2984503923109655e-02   6.2162720020350962e-02   7.1979197542960616e-02   6.2856962724659168e-02   7.2729265629967177e-02
  -2.4282306339400525e-02   1.0019494592941094e+00   2.8457869303708645e-02  -8.7101024875506208e-02   3.4224058754867046e-02  -1.4512831102507973e-02   5.7958334341796577e-02  -5.4401838280339253e-02  -4.4886087414794572e-02  -2.1437416040188263e-02  -6.5037608954982506e-02   4.6860247331440213e-01   7.2577650178862280e-02  -2.0487600310550701e-02   2.1044809695302133e-02  -1.5493907326983138e-02  -1.2342293024080710e-02  -8.8747447702196544e-02  -2.6208113617070535e-02   5.7889527929211704e-02   5.9175268492068660e-02  -7.0860696204367052e-02   5.7104098605449342e-02   4.7348011134797030e-02  -1.8214272698552612e-02  -2.1844715288776160e-02  -9.2030173325399631e-02  -7.2566312400863878e-02  -5.7542113604082373e-02  -4.7866892451668600e-02  -4.2619971693562977e-02  -2.8863573116203800e-02  -1.8194113070499285e-02  -2.5682645153785353e-02  -1.7838935365851297e-02   3.2028806130001086e-02   3.5250456332989330e-02   2.7694933883173258e-02  -9.0411003017120087e-02   4.4424640377455651e-02  -1.9811588196352047e-02  -5.1966841002156372e-02   2.5744573876142714e-02  -1.8801812455688488e-02  -1.2569171559949063e-02  -4.7042756921139184e-02  -7.3248314635306191e-02  -1.8801232322320966e-02   1.7955848349885974e-02  -7.5359677333953226e-02  -8.2397335354365359e-02   4.7644247282169157e-02  -3.4254371111317850e-02  -2.3214147779761090e-02  -5.0379171748729509e-02  -1.8751977075435650e-02   5.2889404069974444e-02  -8.4685720326723904e-02   4.8638500049837122e-02  -2.5185071169391473e-02   8.1419228963712120e-02   8.6620406016106793e-02   7.6813452246087766e-02   7.7197643254597270e-02   9.8045049159893899e-02   9.5353807126694778e-02   7.6120434428667019e-02   9.0938640182751398e-02   8.7062031516334334e-02   8.4662913490157921e-02   8.5328417449884592e-02   9.2257541835729429e-02   1.0823679925322095e-01   7.9165687802289858e-02   7.9557417391295848e-02   1.0231686326797138e-01   8.7915924372478124e-02   9.4942717283844430e-02   9.5738654883303298e-02   6.9660659333288133e-02  -1.0136285981592373e-01  -9.9302665721939479e-02  -9.7179992914934704e-02  -1.0907704581872701e-01  -1.0233314776920642e-01  -9.9232589398386251e-02  -1.0505294512704315e-01  -1.0187043907727548e-01  -1.0497400894818452e-01  -9.8968081292590382e-02  -9.8794810164771985e-02  -9.8985970168440823e-02  -9.6829384192128748e-02  -9.1434376068451922e-02  -9.6598788287193926e-02  -1.0381925775707940e-01  -1.1188121020801033e-01  -1.0807143194599705e-01  -9.9084422136054839e-02  -1.0396573280773388e-01
  -6.8727294037487507e-02   2.8457869303708645e-02   1.0460541146717255e+00  -1.0512990451126122e-01   1.2534499414156691e-01   4.9771420484383773e-02   5.9825683729511053e-02  -9.3338484699191232e-02  -5.7045056722319770e-02   5.2132196401766376e-02  -3.2323116766357095e-02   2.1727238443004167e-02   2.6279841144093801e-02   4.1265399752534154e-02   1.1926165668233737e-01   4.5675027392528898e-02   5.5944948436072547e-02  -9.7829151515439083e-02   4.3282575159546956e-02   5.6580779536491779e-02   8.2998160161876014e-02  -9.5296372042134578e-02   7.0066768530997095e-02   8.4830892051259862e-02   5.1551964450476669e-02   5.7053213321709900e-02  -1.1406463670194608e-01  -9.3254991268588494e-02  -8.4339898322830995e-02  -7.5428127230039874e-02  -6.2543371314762120e-02   5.3860899358809826e-02   5.3616554878089480e-02   5.4909492516552749e-02   5.3027337748260593e-02   1.1230798993601458e-01   1.0503580921397465e-01   1.3160784106709564e-01  -1.0655108970085511e-01   7.5221285547302300e-02   5.0793637624772479e-02  -7.1468154820269678e-02   1.1682228963439428e-01   5.7909382965459909e-02   6.1546205221095503e-02  -8.6855885143009640e-02  -1.0952495309941564e-01   5.2035086623103334e-02   1.1837722293200324e-01  -9.1854463787297058e-02  -9.8216271468684418e-02   6.1620857116704182e-02   6.0107908168013820e-02   5.3789058981495781e-02  -8.4946248369186309e-02   5.1080581060342474e-02   1.0450840729186986e-01  -1.0017641882802350e-01   9.7271442852740364e-02   4.6842312006991432e-02   2.9191927654021958e-02   3.3881441008272624e-02   3.8286722574252717e-02   3.7497509685892189e-02   3.2648191234482198e-02   3.1526939105350968e-02   3.1150567823634599e-02   3.1642547239614932e-02   3.4576721823990270e-02   3.0228252038839630e-02   2.6263225333850376e-02   3.1127958257085073e-02   2.4079796112876320e-02   2.6587678712118919e-02   3.1772945016483638e-02   3.3905179711346996e-02   3.5126859233413701e-02   2.8955391762122917e-02   2.9584102751032289e-02   2.6383313716469587e-02  -1.2105086453658191e-01  -1.1463213738974587e-01  -1.1481452803978863e-01  -1.1660925581433219e-01  -1.1942792873632026e-01  -1.2032932694186926e-01  -1.2119891075044774e-01  -1.1245857588956994e-01  -1.0984442267603241e-01  -1.2411338108704076e-01  -1.1566795446786757e-01  -1.1733002108946401e-01  -1.1992292845122655e-01  -1.1631167500411908e-01  -1.2185370279461069e-01  -1.2334765751235767e-01  -1.2807154547105878e-01  -1.1682413181030295e-01  -1.2299777538940634e-01  -1.1886430676975371e-01
   4.0682331000058213e-02  -8.7101024875506208e-02  -1.0512990451126122e-01   1.1085577652484668e+00  -1.0171484582344130e-01  -1.0553432391318310e-01  -9.9737249516741705e-02   1.0991983169244786e-01   6.0956093067958267e-02  -1.0523276837402142e-01   6.2735711325379945e-02  -1.0480978567742567e-01  -9.7100605275079008e-02  -1.1408733440375282e-01  -9.0592455523496804e-02  -1.1635298939603793e-01  -1.1516045213123199e-01   1.0594718260377753e-01  -1.0865994649322004e-01  -8.4315572717345036e-02  -9.3965109968097343e-02   1.1184363337023778e-01  -8.5760125130122183e-02  -8.7629999844185749e-02  -1.1605139891268031e-01  -1.1897207819624954e-01   1.3830427653135724e-01   9.2151576160644191e-02   1.0893046034644992e-01   8.0488705234522145e-02   6.4024895764728515e-02  -1.0526826737478086e-01  -1.0664630168078536e-01  -1.1079388643288091e-01  -1.1159196355954130e-01  -9.3903301972670439e-02  -8.7739594670071142e-02  -1.0187734699702673e-01   1.2973976224524458e-01  -9.9493880044618940e-02  -1.0176006296490669e-01   7.0904995345778557e-02  -9.3709598223533946e-02  -1.0928545632207795e-01  -1.0822147217569304e-01   8.2353992679953969e-02   1.1478773884702742e-01  -1.1007554189372634e-01  -1.0150215390171746e-01   9.5467151960627453e-02   1.2217624280492903e-01  -8.0822256077295151e-02  -1.1702222581664935e-01  -1.1214882441863838e-01   7.5018929796450501e-02  -1.0642937573475125e-01  -1.0356194075405881e-01   1.2858536654829145e-01  -9.9288472821202317e-02  -1.2069877873450416e-01  -9.6192322806850999e-02  -1.0051621177929242e-01  -9.4418453289056278e-02  -9.3093645449248447e-02  -9.8425357443817918e-02  -8.9880246727370952e-02  -9.5012633057467183e-02  -1.0054447859212980e-01  -1.0517288728840571e-01  -9.6026932870140441e-02  -1.0938915235907418e-01  -9.6845694186437140e-02  -9.7690822762431642e-02  -8.8655504856338427e-02  -1.0369761528635411e-01  -9.4234577534652600e-02  -1.0650686446257382e-01  -1.0314946710486621e-01  -1.0133673417019649e-01  -9.1579459695919144e-02   1.4624417164853740e-01   1.5424994970936604e-01   1.4613334349612722e-01   1.4884849183662233e-01   1.5064997932135807e-01   1.4377325516118239e-01   1.6058713661772256e-01   1.4797301131301330e-01   1.5253168931815470e-01   1.5968715250700191e-01   1.4053556774370699e-01   1.4321510474483698e-01   1.3831638316047370e-01   1.4338697123871749e-01   1.4945198663597248e-01   1.4469736031416319e-01   1.3951344670082746e-01   1.4832369156374595e-01   1.5208462913412168e-01   1.5082378352695863e-01
  -5.9836850745362997e-02   3.4224058754867046e-02   1.2534499414156691e-01  -1.0171484582344130e-01   1.0795525972551301e+00   2.2654563426794883e-02   7.1089959091929569e-02  -9.5285406467697967e-02  -7.2555943665149461e-02   1.6474212122058272e-02  -3.6389373550177913e-02   2.1207533700290177e-02   2.5748086195156825e-02   1.9423458565388806e-02   1.2759679794678555e-01   2.2968520910589121e-02   2.2803364238814496e-02  -1.0027769351357439e-01   2.7010602837071150e-02   6.2010920416058692e-02   7.6719023102008982e-02  -1.0654327608678660e-01   7.7000710438757433e-02   9.6487077644709041e-02   1.3840620895473945e-02   1.1325071260645251e-02  -1.0944526209628140e-01  -9.5903137008403014e-02  -8.5418798339318217e-02  -1.0629154104362637e-01  -8.0449526721931841e-02   2.2432931783753947e-02   9.7707171857471832e-03   1.5927355487321260e-02   1.8776885280138558e-02   2.8457283851985382e-01   1.0785024626693709e-01   1.3173237899398899e-01  -1.1615029644550737e-01   8.0472944520623979e-02   1.8664550208999358e-02  -7.9042299057411336e-02   1.2627218436062287e-01   1.6501661568377186e-02   2.9069655859108208e-02  -8.7867740897791313e-02  -1.0165531700545580e-01   3.2501751354572242e-02   5.1310958771886361e-01  -9.0938579510214557e-02  -1.0545557647495721e-01   7.4688653036572017e-02   3.0017770170324767e-02   2.3004035580784399e-02  -8.7596455794676772e-02   1.3698418802446198e-02   1.1812462839257039e-01  -1.1129082972988949e-01   1.3206466598750916e-01   1.3062024117830683e-02   3.4275746240354003e-02   5.2068899537979073e-02   3.3043317988141141e-02   4.0007812966315080e-02   3.3177106539404921e-02   4.9486011144977089e-02   3.8204358939797366e-02   3.4089700162066847e-02   3.9426065337576068e-02   3.7207794513556387e-02   2.6380579606513552e-02   3.5725341667645662e-02   2.9056515865666571e-02   3.4059645176578043e-02   3.8914117644402828e-02   2.7803262727127090e-02   3.6914168356519811e-02   3.0259153889244682e-02   3.4740997764107745e-02   3.4318080513016519e-02  -1.4609488652587208e-01  -1.4346735701473112e-01  -1.2664486425218396e-01  -1.2883362780494620e-01  -1.2663073146529011e-01  -1.2670140651396078e-01  -1.3300110768433621e-01  -1.1897503044417622e-01  -1.3011015649127511e-01  -1.4356965656772785e-01  -1.3159875062172652e-01  -1.4188595828085965e-01  -1.2257479043748458e-01  -1.3367641742145084e-01  -1.3714802472693846e-01  -1.2655497995927109e-01  -1.2763968673661083e-01  -1.2691480046130146e-01  -1.3727784259683909e-01  -1.2665578557108448e-01
  -8.3105309016611006e-02  -1.4512831102507973e-02   4.9771420484383773e-02  -1.0553432391318310e-01   2.2654563426794883e-02   1.0688901527962766e+00   3.8964032405134053e-03  -1.0828104979201710e-01  -8.0719069836978796e-02   2.2634055409016318e-01  -5.6771340520650825e-02  -3.7641673870631234e-02  -3.7828620141407962e-02   2.2117788585824527e-01   4.1782568832691575e-02   2.3109776005827742e-01   2.2770026734703960e-01  -1.0439466012962471e-01   2.2102715799560918e-01  -6.7278666489403172e-03   1.2835470899409120e-02  -1.1610443113477108e-01   7.0158653678041947e-03   2.0576988206109392e-03   2.2969995563693196e-01   2.3144591082559493e-01  -1.1741965697024712e-01  -1.0200340277481543e-01  -1.0689909302788546e-01  -1.0762434447874289e-01  -1.0021724441862948e-01   2.2623594758716770e-01   2.2612398632294939e-01   2.2082643066223254e-01   2.2348648291789192e-01   2.9623563265600571e-02   2.3715735772754869e-02   4.4008792370703063e-02  -1.1526805212471741e-01   3.3729834112106740e-03   2.1979771376493659e-01  -9.9575261062060008e-02   1.8844031503172796e-02   2.3351607990513407e-01   2.3354530342065322e-01  -9.4457586971633825e-02  -1.1935142089394736e-01   2.2382032995279269e-01   9.1522332647743006e-03  -1.0860067945441941e-01  -1.1431252829879703e-01  -6.3763374789409973e-03   2.1846911505152450e-01   2.2825040172491279e-01  -1.0402993542723118e-01   2.3708294538335070e-01   3.0267131068486039e-02  -1.1985386194389606e-01   2.9636426807530356e-02   2.2660569293194510e-01  -2.7972059540398889e-02  -3.8466355081034902e-02  -3.3541037832485299e-02  -2.8544466978611661e-02  -3.3956291274756627e-02  -3.7056485157564691e-02  -4.0035787656152878e-02  -2.5507406225194415e-02  -2.1124775750663672e-02  -3.3985856995244521e-02  -2.0367959393391484e-02  -3.0472128901954113e-02  -3.4844186929719363e-02  -3.7343756643211087e-02  -2.7801031677364058e-02  -2.9891017546628554e-02  -3.2117582174835062e-02  -2.7209107601128164e-02  -2.7672087715682567e-02  -3.5496801519587090e-02  -1.2902442459077232e-01  -1.2552151474185327e-01  -1.2743517225952930e-01  -1.2103979682001537e-01  -1.2687781509744597e-01  -1.2746120776909767e-01  -1.3502942638891005e-01  -1.1801117255547798e-01  -1.2288770719186015e-01  -1.2685672081756594e-01  -1.1693754995569364e-01  -1.2221872660957692e-01  -1.2822303138958527e-01  -1.3405723989712945e-01  -1.2879474987902237e-01  -1.2614488089671799e-01  -1.2820717647921448e-01  -1.2942927050187553e-01  -1.2728513043932349e-01  -1.2466567627419151e-01
  -4.6949440852451722e-02   5.7958334341796577e-02   5.9825683729511053e-02  -9.9737249516741705e-02   7.1089959091929569e-02   3.8964032405134053e-03   1.0075069078972716e+00  -9.4705897430694644e-02  -4.5016522375524712e-02   9.0805793663249444e-03  -4.8744720807800325e-02   5.8801256781127416e-02   7.0202713462699518e-02   1.2067482755848328e-02   5.6302266059687252e-02   1.4427292412672347e-02   7.7763041447837271e-03  -8.6686331505925043e-02   1.8759921981886373e-02   7.1682445700480352e-02   8.0062572645895586e-02  -9.6043131103928106e-02   6.9426643027259871e-02   7.2413585689146173e-02   1.0743030824666180e-02   8.3362529158623241e-03  -1.1323465184287636e-01  -8.0933001948903197e-02  -7.6854506715618692e-02  -8.1642888776806755e-02  -5.8349084814483795e-02   8.9694682832035869e-03   1.6613146279134971e-02   1.6280233240127489e-02   1.2639245461500141e-02   6.5443837585939690e-02   5.6458192721332158e-02   8.1311662880016969e-02  -1.0138569807817742e-01   7.7856879793730085e-02   1.1449388659544878e-02  -7.6726172925047700e-02   6.3727141321679753e-02   1.2447517194799263e-02   1.0173864106327455e-02  -7.4539132959491342e-02  -9.9436595289137480e-02   1.8239494030795594e-02   5.6100332028846435e-02  -9.2361354272257792e-02  -9.8412367632963252e-02   8.6092787717135161e-02   1.0722413709401699e-02   1.4711135834163530e-02  -6.8113528103429369e-02   1.2211217744599842e-02   8.0659416885361962e-02  -1.0402743025985581e-01   7.9369644303575640e-02   1.5669672222737255e-02   8.2362916451014345e-02   1.0424254061876244e-01   8.6741758367735705e-02   8.7442630540306557e-02   8.9897645234124468e-02   1.0909182145969032e-01   9.6011883514049212e-02   9.4480729593597143e-02   9.3568590733898380e-02   9.8900624235902970e-02   9.6369935893911338e-02   9.0184341377000501e-02   1.0179863218548761e-01   9.1389958055127007e-02   9.4750784827248177e-02   9.9817121157034144e-02   8.8727490755287602e-02   9.6254425025910126e-02   9.6731417793145577e-02   8.9772610581042300e-02  -1.2185882525215566e-01  -1.3001280694514414e-01  -1.2655818853147643e-01  -1.2852079203141581e-01  -1.3064024106940009e-01  -1.2326372241563480e-01  -1.2924689283432447e-01  -1.1813567049103425e-01  -1.3117532350692671e-01  -1.2373301121113162e-01  -1.2410979012546910e-01  -1.2816426946031956e-01  -1.2251083500774691e-01  -1.1861860852495493e-01  -1.2719813831206264e-01  -1.2918695603643487e-01  -1.1860012201466899e-01  -1.2806230933266627e-01  -1.3514092680363080e-01  -1.2467336056236222e-01
   4.2557088458184678e-02  -5.4401838280339253e-02  -9.3338484699191232e-02   1.0991983169244786e-01  -9.5285406467697967e-02  -1.0828104979201710e-01  -9.4705897430694644e-02   1.0826431120911275e+00   5.4320545137230107e-02  -1.0201990157312772e-01   6.0003641915515563e-02  -8.2192836572166764e-02  -7.9708122925932004e-02  -1.0786360896634556e-01  -8.2071658365508671e-02  -1.0951177327433315e-01  -1.0602757157318404e-01   8.7464684943890966e-02  -1.0766407442715364e-01  -6.8689128330034530e-02  -9.3996864390074375e-02   1.1049901390167484e-01  -7.6559083527756547e-02  -7.6388936481418382e-02  -1.0176693291499768e-01  -1.1000690844463472e-01   1.1546117240520685e-01   9.3297233477735275e-02   9.1394821608024326e-02   8.4233190405167011e-02   6.4635959693471412e-02  -1.0158520024903418e-01  -9.5831624552582415e-02  -9.7909472905978609e-02  -1.0176704842250928e-01  -9.4241302705850016e-02  -8.0252787911030271e-02  -7.8840104572815692e-02   1.1242044339386094e-01  -8.5646439595461532e-02  -1.0366629683961394e-01   5.8612892068934309e-02  -9.7265435836712294e-02  -1.1009996803096568e-01  -1.0648220425305574e-01   6.9488262259365122e-02   1.0372504120862366e-01  -1.0547221325679206e-01  -8.7813646490016758e-02   9.3639991834994177e-02   1.0325473368323800e-01  -8.1069040359154007e-02  -1.0507321156194044e-01  -9.6807870054406012e-02   5.6867435735787550e-02  -1.0698355211760581e-01  -8.0894923050154610e-02   9.1929725692712239e-02  -8.1901190260233375e-02  -1.1096678392874625e-01  -7.8724833383365916e-02  -6.8065211480446683e-02  -8.5355582425339138e-02  -8.2930751536357816e-02  -7.1728346765607368e-02  -7.8215529456929708e-02  -7.9349411898410591e-02  -7.5789953309485375e-02  -8.2587337678881670e-02  -8.4688248181655379e-02  -7.9703458444392417e-02  -7.5270600798555187e-02  -7.5994982898043892e-02  -8.3839690765153546e-02  -7.8845058411482899e-02  -7.3402518764376604e-02  -7.9237412615890693e-02  -8.4451725395050720e-02  -8.0729465812820922e-02  -8.6554668933551959e-02   1.2475495191202951e-01   1.3191590775357734e-01   1.2442032746532439e-01   1.2243981862607574e-01   1.2604067635814159e-01   1.2870577172142966e-01   1.3183310856768937e-01   1.2374989618324342e-01   1.1597190061654335e-01   1.3303821621189030e-01   1.2564238773515538e-01   1.2343363282496071e-01   1.2494634115513141e-01   1.2477701886473778e-01   1.3059374738839730e-01   1.2840838825174697e-01   1.3196107383761185e-01   1.3651769395099175e-01   1.2624057683143375e-01   1.2889455948568040e-01
   3.2158875841757001e-02  -4.4886087414794572e-02  -5.7045056722319770e-02   6.0956093067958267e-02  -7.2555943665149461e-02  -8.0719069836978796e-02  -4.5016522375524712e-02   5.4320545137230107e-02   1.0566604564702859e+00  -9.0787455251759394e-02   1.9591282683462715e-02  -3.8855671785507646e-02  -3.7767453235753617e-02  -8.9050381835394848e-02  -5.6136311019544541e-02  -9.0441744851626787e-02  -8.8298860124126161e-02   4.8860813566665010e-02  -9.0482767606733058e-02  -3.6885939770898879e-02  -5.5125292258679633e-02   4.7877874039105761e-02  -4.1940274569155445e-02  -6.6451297686518015e-02  -8.5624244284043124e-02  -8.8500700157405382e-02   6.3873546488986910e-02   3.8773543361446110e-02   4.7905767727924486e-02   3.7965834022231595e-02   2.3821222417026416e-02  -9.3993307122748226e-02  -8.8896811372574991e-02  -8.8292461677350609e-02  -8.8647347536273666e-02  -7.5316229531906947e-02  -4.6618133317591418e-02  -6.2510050708793910e-02   6.7957449393058797e-02  -4.4279497448900286e-02  -8.9565904151597667e-02   4.4060880049813768e-02  -7.1517464699768538e-02  -9.1249829668490559e-02  -8.4970058812806476e-02   5.3523784423751053e-02   5.9803826858629304e-02  -8.5291862030481377e-02  -7.7908502332259294e-02   6.3059662760774682e-02   6.9243644978405183e-02  -3.6736205202000216e-02  -9.1114849843910301e-02  -8.8107849402991392e-02   4.7893302886774243e-02  -8.9355147312713309e-02  -6.3531820943091108e-02   6.2219647164538885e-02  -5.4245295267356115e-02  -8.9913952733576399e-02  -4.3806509314190598e-02  -2.6960288943267498e-02  -2.9246420369935130e-02  -3.5162413762501094e-02  -3.5139449686764801e-02  -3.0052745342057863e-02  -3.1001745113894908e-02  -3.1251568991557843e-02  -3.9456458136114481e-02  -2.7878229961185424e-02  -2.9217003005058417e-02  -2.7060421144226004e-02  -3.0228868382838153e-02  -3.9461864780743157e-02  -3.6351863363195458e-02  -2.3236947974606875e-02  -3.0859622245905754e-02  -2.8325283800964152e-02  -3.4856173746709365e-02  -4.4353929797049121e-02   7.4717857143399569e-02   7.5785885640047332e-02   7.3529061974637114e-02   7.2149115987686335e-02   6.9279723382265415e-02   6.7823581800170452e-02   7.3804421624046351e-02   6.9390798052944347e-02   7.1618867325372537e-02   8.2028798331441888e-02   7.2405198257451217e-02   7.6762146253624736e-02   6.4312450251351877e-02   7.1987554821269298e-02   7.6867221629571991e-02   7.5219780151451518e-02   6.4861168449650147e-02   7.4248570810683534e-02   7.3101631539417455e-02   8.7527999450326535e-02
  -8.7940671242834043e-02  -2.1437416040188263e-02   5.2132196401766376e-02  -1.0523276837402142e-01   1.6474212122058272e-02   2.2634055409016318e-01   9.0805793663249444e-03  -1.0201990157312772e-01  -9.0787455251759394e-02   1.0663142733577591e+00  -6.0856531379041401e-02  -3.4522410853708323e-02  -3.9039695409289643e-02   2.1791683562398184e-01   3.9767325014283837e-02   2.0948153330341687e-01   2.2237855688720226e-01  -9.3870262796934653e-02   2.1795477719354944e-01  -1.2759560888079295e-03   5.3474881640669823e-03  -1.1373276064599834e-01   3.2556674843400397e-03   7.4462531896040659e-03   2.2706537312031200e-01   2.1797711440281478e-01  -1.1855173808475795e-01  -1.0350477835341822e-01  -1.0431094502533714e-01  -9.2266565974699358e-02  -9.2569284944475805e-02   2.1010327520188718e-01   2.2236239269552882e-01   2.2600643652543873e-01   2.1746722172370972e-01   4.1507259653645837e-02   3.0568148346932351e-02   5.3322326974363968e-02  -1.1358848299255947e-01   1.6149792560535142e-02   2.0843651644018399e-01  -8.5787549481462042e-02   2.6541922798618924e-02   2.2228338782124582e-01   2.1902344433157417e-01  -9.5941151704689864e-02  -1.1493506194863418e-01   2.2188956796577827e-01   1.2574026051065753e-02  -1.1340225191183094e-01  -1.1813813934358958e-01  -1.0497108019032404e-02   2.1325433030370555e-01   2.2369003600647608e-01  -9.4895860056103162e-02   2.2233060061365237e-01   2.2067645911174494e-02  -1.1188851093485648e-01   2.2349066495281192e-02   2.2586597268453307e-01  -3.1365494362276349e-02  -3.6190856284567641e-02  -2.3565223454930770e-02  -2.5301194734853760e-02  -3.6801583808480517e-02  -4.1434490838657793e-02  -3.8240713912069610e-02  -3.6546619662473308e-02  -3.6957300565193751e-02  -2.6241982901609284e-02  -1.7867544033138314e-02  -3.8393397129202277e-02  -3.6760251702166943e-02  -2.5409306086518722e-02  -3.0561207947468090e-02  -2.8335452870911562e-02  -2.7852948892008032e-02  -2.2255026395751727e-02  -1.4053112784538519e-02  -3.1455099315851706e-02  -1.3204900661053426e-01  -1.2442220008426108e-01  -1.2268145040180567e-01  -1.1676529366271612e-01  -1.1962324958866462e-01  -1.2054601974595024e-01  -1.3361752612867425e-01  -1.1729985034827774e-01  -1.2629115255087783e-01  -1.1917066572493887e-01  -1.1421644296097072e-01  -1.2129837225451048e-01  -1.1263316909340022e-01  -1.2438739706763470e-01  -1.1809029294310661e-01  -1.3002356191862527e-01  -1.2485303179939075e-01  -1.2213548487994118e-01  -1.2150012994121512e-01  -1.2320517601265568e-01
   1.1217650985521133e-02  -6.5037608954982506e-02  -3.2323116766357095e-02   6.2735711325379945e-02  -3.6389373550177913e-02  -5.6771340520650825e-02  -4.8744720807800325e-02   6.0003641915515563e-02   1.9591282683462715e-02  -6.0856531379041401e-02   1.0301200600124591e+00  -7.0824639189221633e-02  -6.6234144032375944e-02  -6.5405715826490823e-02  -3.4733597145443322e-02  -6.4235721039707233e-02  -6.1462614272480322e-02   4.3214748448653417e-02  -5.9147276424983838e-02  -5.0069900198278998e-02  -4.5601457003366673e-02   5.8109655571972167e-02  -4.8748661498838913e-02  -3.8905061886287041e-02  -6.0812005109995321e-02  -5.9449678147517976e-02   7.9335550874350375e-02   4.3564845377576891e-02   3.6031237728310565e-02   4.2963585171593627e-02   2.3934639178849675e-02  -5.3400724914328228e-02  -6.5433801872013350e-02  -5.7019790953952369e-02  -5.4242245190376327e-02  -3.2176449113164432e-02  -2.2746883494446177e-02  -2.6339994299491538e-02   6.3479678162298714e-02  -4.0487812678763675e-02  -4.8773902678685623e-02   2.9095630373241758e-02  -4.7021607366315013e-02  -6.3281875063755655e-02  -6.2458221469360163e-02   5.2058867716343674e-02   5.7410258889175003e-02  -5.7622280137655225e-02  -4.3400938846516066e-02   5.0172754631080049e-02   6.3407197462987008e-02  -5.5664596775578473e-02  -5.5227304303925639e-02  -5.1732934930029645e-02   2.4816843926210554e-02  -6.2746735922969227e-02  -4.1604060247343755e-02   7.0952091289971569e-02  -2.8149395456940608e-02  -5.5991015022946525e-02  -7.3823028732288076e-02  -6.5879872375805781e-02  -6.7244976531647169e-02  -6.7999888258600039e-02  -7.1340757740152680e-02  -7.4902547828413504e-02  -6.8812545094230015e-02  -7.3005397562405205e-02  -6.4851865710139234e-02  -6.5581220035107177e-02  -6.4647279382681971e-02  -6.8091650607296134e-02  -7.4252564463651152e-02  -6.8396738181761868e-02  -7.0257985491591401e-02  -6.5786946386470077e-02  -6.8659239824373233e-02  -7.1021936613262518e-02  -7.2165610279453160e-02  -6.8181387841421248e-02   7.7537822908403706e-02   7.3326693856249736e-02   6.9428667471591154e-02   8.3575439472829818e-02   7.3528572671074571e-02   7.9373355058152212e-02   7.9348547798515190e-02   7.3988739924498101e-02   6.9785793140493491e-02   7.3014565047260505e-02   7.7386949421235016e-02   7.2375060420600282e-02   6.7139404706436312e-02   7.6971361232566315e-02   7.9367842111221526e-02   6.9876877105055149e-02   8.5047732402298515e-02   8.1796474557521939e-02   7.1633943287760127e-02   6.9144806711048598e-02
  -3.3353045282912448e-02   4.6860247331440213e-01   2.1727238443004167e-02  -1.0480978567742567e-01   2.1207533700290177e-02  -3.7641673870631234e-02   5.8801256781127416e-02  -8.2192836572166764e-02  -3.8855671785507646e-02  -3.4522410853708323e-02  -7.0824639189221633e-02   1.0196561912844087e+00   4.9246812550160601e-01  -2.7065221706917462e-02   1.8384815689886955e-02  -3.0095392958858970e-02  -2.6107063689473856e-02  -9.7028107548400619e-02  -3.4340514396210740e-02   6.7641907129772388e-02   6.7802502832113837e-02  -8.9795414789798175e-02   4.2280354339432634e-02   4.1776825334944569e-02  -3.1410534347939820e-02  -2.1724964234079734e-02  -1.1101916038083430e-01  -8.7216713515660085e-02  -7.0464676525849382e-02  -5.8877885517373489e-02  -5.1435370962347710e-02  -4.0538644640436404e-02  -2.1017139355082738e-02  -3.0206635658317060e-02  -3.2095661671262883e-02   1.3275775308007554e-02   2.0330125314596430e-02   1.2039665251572044e-02  -9.9522066993938840e-02   5.2060758079172410e-02  -3.4564537669941671e-02  -6.4876354589055704e-02   2.6709336161578973e-02  -3.3735141802072863e-02  -3.0973226458776596e-02  -6.8652677023774838e-02  -8.9975770048771969e-02  -2.8587909437496707e-02   1.7711819503428077e-02  -7.9552470254987503e-02  -9.4540206923251893e-02   7.1539015717699758e-02  -3.5879526185127006e-02  -3.0462917964351039e-02  -5.8414444593284480e-02  -3.7050981366205764e-02   4.6830446156123327e-02  -9.4066017837081004e-02   4.1433062030615697e-02  -3.2992042607343119e-02   1.0154485873825997e-01   1.1066813205773153e-01   1.0240485307139637e-01   1.0293833882455217e-01   1.3088073894104688e-01   1.1795109145046211e-01   1.0971677609241536e-01   1.1092932757981395e-01   9.5243644033149430e-02   1.2174416073650597e-01   1.1673223260307583e-01   1.2099690282635411e-01   1.3495928128263246e-01   1.0571395008703821e-01   1.0844611944289592e-01   1.3296760260043725e-01   1.2682143037456484e-01   1.2555965677749836e-01   1.1864332103973187e-01   1.0317198560178149e-01  -1.1929373287344319e-01  -1.1486556010985803e-01  -1.1844396268561516e-01  -1.2234881218363540e-01  -1.1648123782835924e-01  -1.1742595437909278e-01  -1.1990891521642280e-01  -1.1859372791485509e-01  -1.2795271248837281e-01  -1.1418908688806022e-01  -1.2122068876301427e-01  -1.1796885549850220e-01  -1.1856819003458097e-01  -1.0905111736647448e-01  -1.1465497367766556e-01  -1.1545668816701551e-01  -1.2489151179324866e-01  -1.2374907256525104e-01  -1.2268443253026690e-01  -1.1786802608281242e-01
  -3.8836262767696181e-02   7.2577650178862280e-02   2.6279841144093801e-02  -9.7100605275079008e-02   2.5748086195156825e-02  -3.7828620141407962e-02   7.0202713462699518e-02  -7.9708122925932004e-02  -3.7767453235753617e-02  -3.9039695409289643e-02  -6.6234144032375944e-02   4.9246812550160601e-01   1.0856457870857488e+00  -3.5803436928599046e-02   1.9655578512079056e-02  -3.8659589287736142e-02  -2.8294969962395600e-02  -8.5852551485439618e-02  -3.3706004399379215e-02   6.7476599316903141e-02   7.6635115404502158e-02  -8.4886825882350553e-02   7.1678385284277890e-02   6.4681670538082825e-02  -3.9669944670991261e-02  -3.2580841616822030e-02  -1.1023769117201306e-01  -7.5970029575855150e-02  -7.0670391730453766e-02  -6.3091874732701975e-02  -3.6638816930955199e-02  -3.3276434584389523e-02  -2.6391785876125801e-02  -3.6530361610908058e-02  -3.5072815696284620e-02   1.7658192538533759e-02   2.1775104705135381e-02   1.0711815859811570e-02  -9.4141032203775427e-02   5.2664051474887445e-02  -3.9801999298702893e-02  -4.3999534959413757e-02   3.6276377938421055e-02  -4.1263880747899287e-02  -3.7529429775986951e-02  -7.9261158046934399e-02  -8.8979984759587225e-02  -4.1068362117322114e-02   2.5832673180084059e-02  -7.7955574478498019e-02  -9.4096225201587641e-02   7.2771489965013758e-02  -3.5717256181415830e-02  -3.4624223685042574e-02  -5.8901375265297741e-02  -4.1534343512904068e-02   4.5872142433515471e-02  -9.0272056888660371e-02   4.3986478367386068e-02  -2.9837365299611743e-02   9.6052896116640835e-02   1.1559797649613572e-01   1.1650395556863820e-01   1.1859584287748950e-01   1.3049553795322549e-01   1.2195718049624356e-01   1.3116103475375562e-01   1.1871790843034472e-01   1.0914154267482602e-01   1.3341659423967564e-01   1.1938188689023896e-01   1.2745987440241438e-01   1.4379511612063919e-01   1.1448677359386349e-01   1.2190751355161504e-01   1.3447320778056324e-01   1.3039868245005157e-01   1.3364717158645206e-01   1.2550886102701425e-01   1.1421423330575185e-01  -1.1893758976976428e-01  -1.1322804367496425e-01  -1.1638658126802907e-01  -1.1461524783195123e-01  -1.1335527262164630e-01  -1.1095104629137215e-01  -1.1551887376307997e-01  -1.1938768089974232e-01  -1.1980718674060732e-01  -1.2060310915205279e-01  -1.2228642440210838e-01  -1.1676138458133536e-01  -1.1252843392553220e-01  -1.1351252019066853e-01  -1.1253709691671791e-01  -1.2477037575030690e-01  -1.1699065037071740e-01  -1.1503928939095574e-01  -1.1765531762272773e-01  -1.1460991913468055e-01
  -8.0314014796318181e-02  -2.0487600310550701e-02   4.1265399752534154e-02  -1.1408733440375282e-01   1.9423458565388806e-02   2.2117788585824527e-01   1.2067482755848328e-02  -1.0786360896634556e-01  -8.9050381835394848e-02   2.1791683562398184e-01  -6.5405715826490823e-02  -2.7065221706917462e-02  -3.5803436928599046e-02   1.0669289095535961e+00   3.7519151887044383e-02   2.1943611790476344e-01   2.0652507460369907e-01  -1.0555843320989251e-01   2.1552646814067691e-01   3.1577765429351649e-03   1.4584924831176571e-02  -1.1350338819886269e-01   7.0985808669032126e-03   8.0682344093046358e-03   2.2071509882210261e-01   2.2401690556988699e-01  -1.1908247595149926e-01  -1.0290521595853271e-01  -1.0075426191741894e-01  -9.7525049907148068e-02  -9.8113807653705282e-02   2.2129240542618656e-01   2.1354707457602706e-01   2.2561442432365258e-01   2.0682508797479718e-01   3.8810993326626755e-02   3.0264737594392747e-02   4.4495123702713260e-02  -1.2046478252743578e-01   1.7259082904525616e-02   2.1124038423702765e-01  -9.1923369577429817e-02   1.7152148963902672e-02   2.1106428713202280e-01   2.1742148240314557e-01  -8.9095230556649654e-02  -1.1287580850208564e-01   2.1608238889595141e-01   9.8038204302367885e-03  -1.1337830785628253e-01  -1.1284197516115686e-01  -5.1992189342764932e-03   2.2033962096291004e-01   2.1872479581484869e-01  -1.1254146343916861e-01   2.3877379387825134e-01   2.9435046961063360e-02  -1.1551879738875877e-01   2.2429571898867934e-02   2.3175429012243678e-01  -1.5634297344126215e-02  -2.6075457445372530e-02  -2.8780364545056489e-02  -2.8297971443271595e-02  -2.1489036925896356e-02  -2.6646890644720457e-02  -3.2258030022976641e-02  -2.3223829742050676e-02  -2.1787004759339115e-02  -2.5445344104821344e-02  -1.3063332279320562e-02  -2.5650329276470832e-02  -3.4523384366894165e-02  -3.0695154665388847e-02  -3.0689028517419729e-02  -3.0065844912521091e-02  -2.3488048536669096e-02  -2.2892546244285925e-02  -2.1769169062962990e-02  -3.0596294793474723e-02  -1.2675373222090877e-01  -1.2706430883782224e-01  -1.2617071738670782e-01  -1.2180644167719602e-01  -1.2009258841010613e-01  -1.2542326880153920e-01  -1.3386448073736421e-01  -1.2290246885356584e-01  -1.3335261768119411e-01  -1.2542707173734996e-01  -1.2179742961178225e-01  -1.2387680598820315e-01  -1.2722743304461553e-01  -1.2478056301144998e-01  -1.2643760857104999e-01  -1.2391167323929071e-01  -1.2148307276838000e-01  -1.2437364390378691e-01  -1.2324262543893218e-01  -1.2941501968607746e-01
  -4.8633446938613642e-02   2.1044809695302133e-02   1.1926165668233737e-01  -9.0592455523496804e-02   1.2759679794678555e-01   4.1782568832691575e-02   5.6302266059687252e-02  -8.2071658365508671e-02  -5.6136311019544541e-02   3.9767325014283837e-02  -3.4733597145443322e-02   1.8384815689886955e-02   1.9655578512079056e-02   3.7519151887044383e-02   1.0264533984518824e+00   3.6856448888619067e-02   4.0181234912105325e-02  -8.7753073640629814e-02   2.9510834855908288e-02   5.3668964135625399e-02   5.4713205284720699e-02  -9.0106537114537866e-02   6.6445032899440121e-02   7.0249947201402901e-02   3.5613020291338539e-02   3.8254017452566361e-02  -9.4595718999071460e-02  -7.8793202932156511e-02  -7.9725469637129578e-02  -7.4297892932217488e-02  -6.4767910576231394e-02   3.8650811462912459e-02   3.1204684934156793e-02   3.6109748650992229e-02   3.7774946278339591e-02   1.1353956829771931e-01   8.8403460043401022e-02   1.2782154795541228e-01  -9.5257250282905687e-02   5.9246555271278055e-02   4.4844388640889965e-02  -6.2620883786236176e-02   1.1386452495270623e-01   4.5002375458686676e-02   4.1439984257807261e-02  -7.3683502110640647e-02  -8.2339460446252941e-02   4.7780943856218366e-02   1.2316249895012644e-01  -8.9395237006188524e-02  -9.0289056572721349e-02   4.1942569695185936e-02   3.4819856865098538e-02   4.1855962475755723e-02  -6.7640886231412428e-02   4.4408046247279884e-02   9.4944090182643562e-02  -9.2263100830690836e-02   9.4372814051695342e-02   3.6160643172187701e-02   3.2292993511709361e-02   2.0870835021191518e-02   2.8735138120812638e-02   3.1109258934514772e-02   2.6757350516016340e-02   2.9430563262517983e-02   1.6139201098082739e-02   3.6901460611786473e-02   3.6068444745007498e-02   2.6309558483977175e-02   2.4473853290285015e-02   2.3692517341410643e-02   3.1518636276501324e-02   2.9897741334228480e-02   3.7395409404071288e-02   1.8052682670168619e-02   3.0113821507768614e-02   2.1232639193460724e-02   2.5699068863617246e-02   2.1954063748936270e-02  -1.0962450160701701e-01  -1.1301387162797642e-01  -1.0058294979565707e-01  -1.0771774064515353e-01  -1.0344219897109196e-01  -1.0198106268381778e-01  -1.0890017181032607e-01  -1.0261680154072080e-01  -1.1839242952775718e-01  -1.1235310463735025e-01  -1.0109457015738038e-01  -1.0371787386173270e-01  -1.0358130821451161e-01  -1.1151837833627078e-01  -1.0766426651010721e-01  -1.1087863571558253e-01  -1.1426218503386414e-01  -9.3836165493798723e-02  -9.7171684404021047e-02  -1.0168376767988804e-01
